 // Front face
-1.0  -1.0   1.0 0 0
1.0  -1.0   1.0 0 2
1.0   1.0   1.0 2 0

-1.0  -1.0   1.0 0 0
-1.0   1.0   1.0  2 2
1.0   1.0   1.0 2 0

      // Back face
-1.0  -1.0  -1.0 0 0
-1.0   1.0  -1.0 0 2
1.0   1.0  -1.0 2 0

-1.0  -1.0  -1.0 0 0
1.0  -1.0  -1.0  2 2
1.0   1.0  -1.0 2 0

      // Top face
-1.0   1.0  -1.0 0 0
-1.0   1.0   1.0 0 2
1.0   1.0   1.0 2 0

-1.0   1.0  -1.0 0 0
1.0   1.0  -1.0 2 2
1.0   1.0   1.0 2 0

      // Bottom face
-1.0  -1.0  -1.0 0 0
1.0  -1.0  -1.0 0 2
1.0  -1.0   1.0 2 0

-1.0  -1.0  -1.0 0 0
-1.0  -1.0   1.0 2 2
1.0  -1.0   1.0 2 0

      // Right face
1.0  -1.0  -1.0 0 0
1.0   1.0  -1.0 0 2 
1.0   1.0   1.0 2 0

1.0  -1.0  -1.0 0 0
1.0  -1.0   1.0 2 2
1.0   1.0   1.0 2 0

      // Left face
-1.0  -1.0  -1.0 0 0
-1.0  -1.0   1.0 0 2 
-1.0   1.0   1.0 2 0

-1.0  -1.0  -1.0 0 0
-1.0   1.0   1.0 2 2
-1.0   1.0  -1.0 2 0